10108424333232212020100010203041415251505040302122221313040505141516162728283828180708081827262635354554555657585
8011642434443536364748483848575655565646362726263534333232425352515050403041424232221201000010010202131414041516160708081
6010442435363534333232221201000010203041424344454647484857565758584838281807060616261514140413121222324251505
1009842435363627262635354554535251505040302122223333435455565758584838281807060615141404131212010000102
70108424344435363534333232221201000010203041424253525150515252423222131414041516162616070808182838474646555657585
50108424353636261514131212223333444545363626160708081828384747565758584838281807060504030201000010203041415251505
40114424344435363626151413121222333435363626160708081828384747565556575858483828180706050403020100001020304140405152535
3009242435363626151413121203040506070808182838474758575655545352515140405040302010010202122233343
20090424353636261514131212223333435455565758584838281807060504030201000010203040515253545555453
p0102424353636272828180706061514140413121201000010212222333343545556575858483827262635354554535251505040302
